1 47.093151 47.917808 48.627397
2 48.756164 50.353425 51.997260
3 48.265753 48.726027 49.443836
4 49.016438 52.065753 54.202740
5 48.756164 52.369863 48.641096
6 53.095890 52.336986 50.320548
7 50.345205 49.769863 49.309589
8 50.049315 49.463014 50.265753
9 52.263014 49.926027 51.276712
10 46.712329 49.506849 50.849315
11 49.260274 49.230137 51.641096
12 49.895890 47.734247 48.517808
13 50.745205 48.495890 50.997260
14 49.641096 48.868493 54.027397
15 49.882192 48.671233 47.821918
16 51.597260 49.493151 51.309589
17 49.660274 50.898630 51.389041
18 49.704110 52.435616 48.035616
19 50.756164 47.947945 49.791781
20 51.980822 49.378082 49.230137
21 50.901370 51.504110 49.572603
22 49.789041 53.021918 50.731507
23 50.830137 51.597260 53.115068
24 49.684932 51.271233 51.723288
25 50.520548 47.701370 51.304110
26 48.227397 49.482192 45.452055
27 50.961644 48.632877 49.065753
28 50.498630 49.432877 49.682192
29 49.076712 50.427397 48.421918
30 51.336986 50.528767 49.326027
31 51.164384 50.989041 52.293151
32 46.016438 49.860274 50.158904
33 50.052055 46.336986 47.454795
34 49.958904 50.405479 51.731507
35 51.035616 48.843836 49.378082
36 48.884932 50.994521 49.690411
37 50.876712 49.898630 48.572603
38 48.624658 52.838356 47.027397
39 48.238356 48.783562 47.180822
40 53.610959 50.465753 50.893151
41 50.128767 51.753425 50.841096
42 50.052055 53.254795 50.358904
43 48.904110 45.824658 47.934247
44 49.342466 50.821918 47.517808
45 50.956164 48.068493 50.975342
46 49.290411 46.027397 48.715068
47 49.082192 51.663014 46.416438
48 49.841096 50.473973 48.284932
49 47.805479 50.230137 50.049315
50 49.794521 48.882192 48.271233
51 51.134247 51.265753 50.172603
52 48.098630 50.027397 51.643836
53 48.495890 49.986301 51.443836
54 47.273973 49.682192 51.161644
55 49.769863 49.495890 50.282192
56 51.049315 50.753425 51.104110
57 49.369863 51.205479 47.736986
58 49.953425 49.421918 51.964384
59 48.863014 52.071233 50.049315
60 52.254795 48.898630 50.753425
61 49.213699 50.402740 48.909589
62 47.701370 50.586301 48.109589
63 50.745205 48.476712 48.301370
64 49.010959 47.769863 50.824658
