1 41.506849
2 39.849315
3 39.810959
4 40.484932
5 41.142466
6 40.630137
7 39.775342
8 40.413699
9 40.356164
10 39.120548
11 39.304110
12 40.361644
13 41.693151
14 39.654795
15 41.068493
16 43.038356
17 38.131507
18 38.923288
19 40.016438
20 40.254795
21 42.063014
22 38.342466
23 41.169863
24 41.364384
25 40.616438
26 40.465753
27 39.013699
28 38.153425
29 40.273973
30 40.441096
31 40.545205
32 39.975342
33 40.079452
34 36.356164
35 40.221918
36 39.487671
37 39.846575
38 39.175342
39 38.739726
40 41.498630
41 39.224658
42 38.293151
43 39.068493
44 38.956164
45 39.449315
46 39.843836
47 41.424658
48 39.030137
49 37.364384
50 39.863014
51 38.172603
52 40.180822
53 42.167123
54 38.320548
55 39.767123
56 41.331507
57 40.734247
58 38.087671
59 40.164384
60 40.756164
61 41.893151
62 41.158904
63 39.852055
64 39.460274
