1 48.627397
2 51.997260
3 49.443836
4 54.202740
5 48.641096
6 50.320548
7 49.309589
8 50.265753
9 51.276712
10 50.849315
11 51.641096
12 48.517808
13 50.997260
14 54.027397
15 47.821918
16 51.309589
17 51.389041
18 48.035616
19 49.791781
20 49.230137
21 49.572603
22 50.731507
23 53.115068
24 51.723288
25 51.304110
26 45.452055
27 49.065753
28 49.682192
29 48.421918
30 49.326027
31 52.293151
32 50.158904
33 47.454795
34 51.731507
35 49.378082
36 49.690411
37 48.572603
38 47.027397
39 47.180822
40 50.893151
41 50.841096
42 50.358904
43 47.934247
44 47.517808
45 50.975342
46 48.715068
47 46.416438
48 48.284932
49 50.049315
50 48.271233
51 50.172603
52 51.643836
53 51.443836
54 51.161644
55 50.282192
56 51.104110
57 47.736986
58 51.964384
59 50.049315
60 50.753425
61 48.909589
62 48.109589
63 48.301370
64 50.824658
