1 25.742466
2 24.432877
3 25.468493
4 24.526027
5 24.715068
6 25.282192
7 25.421918
8 24.090411
9 24.958904
10 25.312329
11 24.515068
12 25.473973
13 24.575342
14 24.843836
15 25.153425
16 25.013699
17 24.879452
18 24.608219
19 24.520548
20 24.635616
21 25.816438
22 25.038356
23 25.243836
24 24.717808
25 24.802740
26 24.482192
27 25.819178
28 25.635616
29 24.909589
30 25.323288
31 25.268493
32 25.221918
33 24.783562
34 24.895890
35 24.684932
36 24.967123
37 25.438356
38 24.342466
39 25.698630
40 24.865753
41 25.241096
42 25.115068
43 25.698630
44 24.843836
45 24.736986
46 24.476712
47 25.189041
48 24.410959
49 24.287671
50 24.838356
51 25.263014
52 24.893151
53 25.339726
54 24.865753
55 24.405479
56 24.101370
57 25.254795
58 25.000000
59 25.024658
60 24.605479
61 25.638356
62 24.536986
63 25.786301
64 25.139726
